name: jlabpracticeenv
channels:
  - conda-forge
  - defaults
dependencies:
  - asttokens=2.2.1=pyhd8ed1ab_0
  - backcall=0.2.0=pyh9f0ad1d_0
  - backports=1.0=pyhd8ed1ab_3
  - backports.functools_lru_cache=1.6.4=pyhd8ed1ab_0
  - bzip2=1.0.8=h8ffe710_4
  - ca-certificates=2023.5.7=h56e8100_0
  - colorama=0.4.6=pyhd8ed1ab_0
  - comm=0.1.3=pyhd8ed1ab_0
  - debugpy=1.6.7=py311h12c1d0e_0
  - decorator=5.1.1=pyhd8ed1ab_0
  - executing=1.2.0=pyhd8ed1ab_0
  - importlib-metadata=6.6.0=pyha770c72_0
  - importlib_metadata=6.6.0=hd8ed1ab_0
  - ipykernel=6.23.0=pyh025b116_0
  - ipython=8.13.2=pyh08f2357_0
  - jedi=0.18.2=pyhd8ed1ab_0
  - jupyter_client=8.2.0=pyhd8ed1ab_0
  - jupyter_core=5.3.0=py311h1ea47a8_0
  - libexpat=2.5.0=h63175ca_1
  - libffi=3.4.2=h8ffe710_5
  - libsodium=1.0.18=h8d14728_1
  - libsqlite=3.41.2=hcfcfb64_1
  - libzlib=1.2.13=hcfcfb64_4
  - matplotlib-inline=0.1.6=pyhd8ed1ab_0
  - nest-asyncio=1.5.6=pyhd8ed1ab_0
  - openssl=3.1.0=hcfcfb64_3
  - packaging=23.1=pyhd8ed1ab_0
  - parso=0.8.3=pyhd8ed1ab_0
  - pickleshare=0.7.5=py_1003
  - pip=23.1.2=pyhd8ed1ab_0
  - platformdirs=3.5.1=pyhd8ed1ab_0
  - prompt-toolkit=3.0.38=pyha770c72_0
  - prompt_toolkit=3.0.38=hd8ed1ab_0
  - psutil=5.9.5=py311ha68e1ae_0
  - pure_eval=0.2.2=pyhd8ed1ab_0
  - pygments=2.15.1=pyhd8ed1ab_0
  - python=3.11.3=h2628c8c_0_cpython
  - python-dateutil=2.8.2=pyhd8ed1ab_0
  - python_abi=3.11=3_cp311
  - pywin32=304=py311h12c1d0e_2
  - pyzmq=25.0.2=py311h7b3f143_0
  - setuptools=67.7.2=pyhd8ed1ab_0
  - six=1.16.0=pyh6c4a22f_0
  - stack_data=0.6.2=pyhd8ed1ab_0
  - tk=8.6.12=h8ffe710_0
  - tornado=6.3=py311ha68e1ae_0
  - traitlets=5.9.0=pyhd8ed1ab_0
  - typing-extensions=4.5.0=hd8ed1ab_0
  - typing_extensions=4.5.0=pyha770c72_0
  - tzdata=2023c=h71feb2d_0
  - ucrt=10.0.22621.0=h57928b3_0
  - vc=14.3=hb25d44b_16
  - vc14_runtime=14.34.31931=h5081d32_16
  - vs2015_runtime=14.34.31931=hed1258a_16
  - wcwidth=0.2.6=pyhd8ed1ab_0
  - wheel=0.40.0=pyhd8ed1ab_0
  - xz=5.2.6=h8d14728_0
  - zeromq=4.3.4=h0e60522_1
  - zipp=3.15.0=pyhd8ed1ab_0
prefix: C:\Users\lucia\miniconda3\envs\jlabpracticeenv
